 0 *****    2.69
 1     0
 2     0
 3     0
 4     0
 5 *    0.02
 6 *    0.04
 7 *    0.08
 8 *    0.09
 9 *    0.07
10 *    0.09
11 *    0.2
12 *    0.14
13 *    0.35
14 *    0.12
15 *    0.49
16 *    0.21
17 *    0.44
18 *    0.29
19 *    0.5
20 *    0.55
21 *    0.55
22 **    0.76
23 **    0.65
24 **    0.97
25 **    0.73
26 ***    1.66
27 **    1.09
28 ****    2.1
29 ***    1.57
30 *****    2.61
31 ****    2.07
32 *****    2.91
33 ********    4.1
34 ******    3.27
35 ***********    5.84
36 ******    3.32
37 *****************    9.51
38 *****    2.41
39 ************************    13.76
40 **    1.05
41 ******************************    17.51
42     0
43 ***************************    15.19
44     0
45     0
46     0
47     0
48     0
49     0
50     0
51     0
52     0
